510315
510381
510482
510630
510826
510852
510986
512027
512685
512794
512817
512893
512959
512972
513725
513919
514023
514263
514289
514345
514370
514680
514717
514791
514875
515240
515617
515702
515794
515805
516121
516136
516138
516290
516295
516327
516353
516460
516706
517091
517205
517210
517917
517945
518198
518325
518724
519019
519028
519091
519193
519287
519865
520125
520191
520234
520304
520527
521606
521628
521636
521676
521759
523047
523061
523109
523580
523587
523678
523852
523957
524121
524610
524646
525196
525262
525363
525807
525876
526043
526429
526716
526720
526727
527039
527071
527456
527618
527645
527691
527692
527864
528096
528343
528505
528716
528748
528986
529130
529236
529257
529321
529376
529506
529598
529652
529784
529848
530286
530374
530618
530654
530894
531209
531305
531359
531463
531478
531494
531675
531741
531785
531912
532104
532370
532405
532609
532684
532916
532975
534048
534136
534140
534374
534609
534650
534678
534745
534759
534827
534837
534931
535975
536438
536504
536594
536721
536868
536938
536964
537090
537141
537158
537340
537681
537918
538270
538393
538416
538571
538690
539063
539186
539213
539328
539689
540272
540618
540746
540852
541407
541573
541692
541769
541783
541924
542068
542124
542873
542964
542985
543062
543217
543261
543290
543413
543962
543974
545026
545052
545068
545069
545409
546517
546705
546732
546812
547060
547069
547289
547381
547508
547587
548048
548104
548270
548305
548310
548315
548385
548431
548625
548923
549092
549094
549149
549369
549376
549704
549878
550235
550276
550608
550625
550764
550803
550896
551403
551426
551524
551747
551797
552095
552406
552484
552695
552757
553038
553083
553132
553520
553730
554034
554202
554312
556105
556583
556790
557128
557314
557623
557637
557938
557956
557968
559020
559060
559487
559498
559503
559610
559831
560261
560303
560519
560835
561364
561373
561463
561638
561647
562063
562082
562091
562127
562183
562365
562507
562579
562625
562680
562768
562865
562893
562896
562956
563260
563491
563647
563931
564251
565319
565491
565704
565836
565979
567315
567484
567505
567548
567613
567930
568012
568167
568360
568395
568465
568469
569097
569103
569235
569265
569307
569345
569470
569517
570158
570168
570469
570632
570676
570703
570732
570791
570796
571521
571626
571736
571737
571824
572139
572312
572481
572705
572767
573202
573502
574749
574878
574974
575076
575432
575693
575791
576231
576402
576536
576908
578085
578172
578395
578532
578740
578768
579162
579178
579187
579414
579713
579818
579863
580276
580363
580482
580490
580627
580696
580940
581027
581079
581358
581454
581658
581834
582071
582309
582353
582368
582529
582563
582584
582630
582819
583416
583767
584072
584081
584216
584601
584756
584819
585136
585143
586256
586273
586438
586817
586961
587148
587237
587423
587436
587509
587654
587692
587816
587840
587932
587968
589069
589158
589250
589406
589852
590202
590281
590361
590534
590606
590963
591348
591480
591497
591937
592094
592163
592409
592547
592618
592751
592943
593019
593261
593625
593794
593826
593914
594161
594217
594313
594606
594752
595050
595364
595435
595475
595494
595683
596018
596105
596315
597139
597182
597431
597564
597678
597851
597910
598045
598217
598365
598569
598739
598968